Date	Dateno	Ottawa	Tor W	Tor E	Windsor	London	Sudbury	SS Marie	Thdr Bay	Nrth Bay	Timmins	ON Avg	S. Avg	N. Avg	N/S Diff.	
Jan	Jan-14	124.4	126	125.9	122.8	123.2	132.9	133.9	130.7	126.8	138.7	126	125.2	132.1	-6.9	
Feb	Feb-14	129	130.4	130.2	125.9	128	132.6	134	131.1	124.9	138.8	129.8	129.6	131.9	-2.4	
Mar	Mar-14	129.3	130.8	130.5	126.7	128.4	132.5	134.4	137.2	129.5	143.2	130.5	129.9	134.8	-4.8	
Apr	Apr-14	135	136.9	136.3	132	134.4	133.4	137.2	145.2	127.7	142.7	136.1	135.8	138	-2.2	
May	May-14	134.1	136.1	135.1	133	134.3	139.2	140.8	143	136.6	144.3	135.7	135	140.7	-5.7	
Jun	Jun-14	137.1	140.3	139.4	137.3	138.2	143.8	143.9	145.3	137.9	144.3	139.5	139	143.5	-4.6	
Jul	Jul-14	132.3	135.8	135	131	134.2	141.9	141.8	143.6	138.6	144.4	135.3	134.4	142.2	-7.8	
Aug	Aug-14	127.3	132.3	131.3	129.8	130	136	139.9	141	132.9	141.7	131.5	130.6	138.3	-7.7	
Sep	Sep-14	126.3	130.8	129.7	126.8	128.5	135.1	139.3	138.9	129.4	139.4	129.9	129.1	136.6	-7.5	
Oct	Oct-14	117.5	121.1	119.9	116.3	118.5	128.7	131.7	134.1	124.5	131.5	120.7	119.5	130.5	-11.1	
Nov	Nov-14	110.6	116.3	115.4	111.9	111.7	120.7	125	126.7	119.9	124	115.2	114.1	123.4	-9.2	
Dec	Dec-14	96.7	103.5	102.3	98.4	98.1	104.7	112	112.9	105.8	110.3	101.8	100.9	109	-8.1	
Jan	Jan-13	120.4	122.4	122.5	119.3	119.6	125	126.1	124.6	124.2	131.9	122	121.6	125.6	-4	
Feb	Feb-13	128.1	130.4	130.4	125.6	127.5	135	133.4	128.2	132.4	137.3	129.7	129.4	132.6	-3.2	
Mar	Mar-13	127	129.6	129.7	126.8	125.6	133.9	136.9	134.6	130.4	139.9	129.3	128.6	134.7	-6.1	
Apr	Apr-13	121.6	124.3	124.4	118.8	120.3	128	134.2	134.6	122.7	136.7	124	123.1	131.1	-8	
May	May-13	123.1	125.9	125.7	116.8	121.3	128.1	127.2	136.6	119.8	133	125	124.3	129.9	-5.5	
Jun	Jun-13	126.4	127.1	127.2	122.8	122.7	128.6	132.9	140.5	122.5	133.9	127.1	126.4	132.6	-6.2	
Jul	Jul-13	129.6	130.7	130.3	127.4	128.3	133.3	132.7	138.3	129.8	137	130.5	129.9	134.6	-4.7	
Aug	Aug-13	128.9	130.8	130.1	126.7	128	132.3	137.9	136.4	130.3	136.4	130.2	129.7	134.6	-4.9	
Sep	Sep-13	127.9	129.6	128.9	127.1	126.4	137	139.1	135.7	129.9	141.1	129.5	128.6	136.4	-7.8	
Oct	Oct-13	121.9	124.2	123.9	121.9	121	132.6	136.2	132.7	121.8	136.6	124.2	123.2	132.2	-9	
Nov	Nov-13	123.1	125.2	125	123.2	122.1	130.3	133.9	131.2	122.4	135	125	124.3	130.5	-6.2	
Dec	Dec-13	126.5	127.9	127.7	125.3	125.1	133.5	133.9	130.5	128.4	138.6	127.7	127.2	132.4	-5.3	
Jan	Jan-12	122.4	122.1	122.4	117.3	119.9	128.4	130.4	121.9	128.2	133.7	122.4	121.8	127.2	-5.4	
Feb	Feb-12	124.2	127.2	127.5	122.5	125.1	129.6	130.1	127.8	129.4	134.4	126.6	126.2	129.5	-3.3	
Mar	Mar-12	126.6	130.6	130.7	128.9	128.3	134.7	136.1	133.7	133.3	139.6	130.1	129.5	134.9	-5.4	
Apr	Apr-12	129.7	134.2	134.3	132.8	131.9	139.1	144.6	139.2	137.5	143.5	133.8	133	140.2	-7.1	
May	May-12	124.1	127	127.4	126.4	125.5	132.5	140.1	138.1	129.9	139.9	127.4	126.3	135.7	-9.4	
Jun	Jun-12	119	122.5	122.7	120.6	120.8	127	134.7	136	122.1	135.3	122.7	121.6	131.1	-9.5	
Jul	Jul-12	120.9	124.4	124.4	122.3	122.6	126.2	131.2	134	124.1	134.2	124.1	123.4	129.8	-6.4	
Aug	Aug-12	125.8	129.4	129.2	129.3	127.6	133.9	133.1	133.7	131.5	138.8	129	128.4	133.8	-5.4	
Sep	Sep-12	127.4	130.1	130	130.1	128.4	136.5	137.8	136.1	134.5	141.3	130.2	129.4	136.8	-7.4	
Oct	Oct-12	123.5	124.7	124.6	127.1	122.4	131.9	136.6	137.8	131.6	136.8	125.5	124.3	134.8	-10.5	
Nov	Nov-12	121.7	122.2	122	121.8	120.6	126.5	129.9	132.3	125.3	133.8	122.7	121.9	129.3	-7.4	
Dec	Dec-12	117.7	119.8	119.7	118.1	115.5	126.4	128.4	129	125.3	132.6	119.9	118.9	127.9	-9	
Jan	Jan-11	114.9	113.4	113.9	106.8	113.5	116.6	121.3	120	116.3	123.6	114.1	113.5	119	-5.4	
Feb	Feb-11	115	115.1	115.6	109	115.3	120.3	121	121.5	119.6	125.1	115.6	114.9	121.1	-6.2	
Mar	Mar-11	122.2	122	122.5	117	122	125.7	119.8	129.1	125.4	132.3	122.4	121.9	126.3	-4.4	
Apr	Apr-11	127.7	131.7	132.2	123.7	131.5	131.3	131.8	133.1	130.9	137.8	130.8	130.6	132.4	-1.9	
May	May-11	127.4	132.6	132.9	130.2	132.5	135.8	136.8	141.3	135.4	143.1	132.2	131.5	138.2	-6.7	
Jun	Jun-11	124.3	127.5	128	122.6	127.5	131.8	130.2	134.9	126.9	138.2	127.3	126.7	132.4	-5.7	
Jul	Jul-11	127.9	129.7	130.1	123.3	129.9	133.2	130	129.5	133	138.5	129.4	129.1	132	-2.9	
Aug	Aug-11	126.8	127.9	128.1	122.1	127.9	129.5	130.7	132.4	129.3	137.5	127.8	127.4	131.2	-3.8	
Sep	Sep-11	125.3	125.6	125.8	122.9	123.9	130.6	129.8	134.5	130.3	138.4	126.1	125.3	132.3	-7	
Oct	Oct-11	123	123.6	123.8	120	121.5	127.3	130.1	131.7	127.5	134.8	123.9	123.1	129.8	-6.6	
Nov	Nov-11	119.5	119.9	120.1	118.2	117.8	126.4	128.9	122.7	126.2	132.8	120.3	119.6	126.2	-6.6	
Dec	Dec-11	118.1	118.4	118.6	115.1	116.3	122.5	124.5	121	122.3	130.8	118.6	118	123.1	-5	
Jan	Jan-10	95.3	97.8	98.3	92.9	98.2	100.5	101.9	102.8	100.2	106.2	97.7	97.2	101.9	-4.7	
Feb	Feb-10	94.3	95.9	96.4	89.5	96.3	100.5	98.3	102.4	100.5	105.6	96	95.4	101.2	-5.8	
Mar	Mar-10	98.4	99.9	100.3	94.6	100.2	102.2	103.6	99.1	102.1	107.9	99.7	99.5	102	-2.5	
Apr	Apr-10	98.4	100.4	100.9	94.2	100.5	101.1	104.9	104.9	101.1	108.6	100.2	99.8	103.5	-3.7	
May	May-10	95.8	97.8	98.2	91.6	98	100.8	106	108.2	100.3	108.2	98	97.2	104.5	-7.3	
Jun	Jun-10	94.8	95.8	96.3	91.7	96	97.6	102.7	105.4	97.5	103.9	96.2	95.5	101.3	-5.8	
Jul	Jul-10	101.4	102.3	103.1	97.1	103.1	105.6	106.6	109.2	105.7	109.6	102.7	102.1	107.2	-5.1	
Aug	Aug-10	100	101.3	101.9	94.9	101.8	104.3	105	108.2	103.7	111.1	101.5	100.9	106.1	-5.1	
Sep	Sep-10	101.1	100.6	101.2	93.6	101	101.8	104.4	105.8	101.8	108.8	101	100.6	104	-3.5	
Oct	Oct-10	105.8	105.2	105.8	97.4	105.2	104.3	106.1	107.7	104.7	112.1	105.2	105.1	106.3	-1.3	
Nov	Nov-10	108.8	108	108.3	101.7	107.8	106.2	111.4	110.7	106.2	116.4	108	107.9	109.3	-1.4	
Dec	Dec-10	112.7	111.4	111.8	104.2	111.4	113.9	116.4	121.3	113.8	121.9	112.1	111.4	117.2	-5.8	
Jan	Jan-09	74.1	78.1	78.2	76.6	77.7	78.9	79.5	84	78.5	85.6	77.6	77.2	81.1	-3.9	
Feb	Feb-09	78.8	82.7	82.9	82.8	82.8	84	87.4	88.7	83.8	90.5	82.5	82	86.5	-4.5	
Mar	Mar-09	81.7	85.1	85.2	83.6	85	86.3	86.4	88.6	86.8	92.3	84.7	84.3	87.6	-3.3	
Apr	Apr-09	82.9	86.4	86.6	83.8	86.5	84.5	87.3	90.2	84.8	92.7	85.8	85.6	87.5	-1.8	
May	May-09	88.7	93.2	93.5	90.3	93.4	95.1	95	97.4	95.4	99.6	92.7	92.2	96.2	-4	
Jun	Jun-09	94.5	98.7	99	96	99	100.3	98.7	106.2	100.4	104.8	98.3	97.8	102.2	-4.4	
Jul	Jul-09	89.6	93.2	93.6	89.3	93.6	96	95.2	106.1	95.9	102	93.2	92.4	99.4	-7	
Aug	Aug-09	93.5	97.2	97.6	94.9	97.5	99.7	101.7	106.3	99.8	106.1	97.1	96.4	102.6	-6.2	
Sep	Sep-09	89.9	93	93.5	92.8	93.4	95.1	102.9	103.3	94.6	103.7	93.3	92.5	99.5	-7	
Oct	Oct-09	92	95.1	95.3	93.4	95.4	92.9	99.4	99.2	95.1	102.9	94.7	94.4	97	-2.6	
Nov	Nov-09	94.6	97.4	97.8	96.4	97.7	97.8	105.6	101	100.4	107.3	97.4	96.9	101.2	-4.3	
Dec	Dec-09	91.6	94.3	94.7	88.5	94.6	96.2	101	96	96.2	104.8	94	93.6	97.7	-4.1	
Jan	Jan-08	105	102.1	102.2	103.5	102.6	104.1	110.6	109	106.3	112.9	103.4	102.8	108.2	-5.4	
Feb	Feb-08	105.4	103	103.1	100.4	103.4	105.4	109.4	109.1	105.9	112.1	103.9	103.4	108.2	-4.8	
Mar	Mar-08	108.5	106.8	106.8	105.3	107.1	111.9	113.4	115.5	111.9	116.7	107.8	107.1	113.8	-6.7	
Apr	Apr-08	117.1	116.9	116.9	115.7	117.4	117.8	121.6	121.9	117.4	124.6	117.3	116.9	120.6	-3.7	
May	May-08	124.4	124.3	124.4	123.3	124.4	126.6	125.9	130.5	126.5	132.6	124.7	124.3	128.3	-4	
Jun	Jun-08	132.1	132.7	132.6	129.7	132.5	132.8	136.6	137.8	132.7	140.1	132.7	132.3	135.9	-3.6	
Jul	Jul-08	129.4	131.2	131.1	131.8	130.9	134.8	141	140.6	134.5	141.9	131.6	130.8	138.6	-7.8	
Aug	Aug-08	122.8	125.7	125.6	122.9	125.5	126.9	132.7	132.9	127	134.1	125.5	124.9	130.7	-5.8	
Sep	Sep-08	121.8	125.3	125.4	124.2	125.2	128.2	132.7	134	128	135.5	125.3	124.5	131.7	-7.1	
Oct	Oct-08	99.2	102.3	102.3	102.3	102	109.8	113.6	116.7	109.7	117.1	102.9	101.6	113.4	-11.8	
Nov	Nov-08	81.5	84.4	84.4	84.9	83.8	90.3	90.5	99.5	90.1	98.4	84.8	83.7	94	-10.2	
Dec	Dec-08	70.1	73.9	73.9	73.8	73.6	77.8	80	87.8	77.4	86.2	74	73.1	82.1	-9	
Jan	Jan-07	84.6	80.9	81.6	77.4	83.6	85	85.5	97.4	86.5	96.1	82.7	81.9	90.2	-8.3	
Feb	Feb-07	90.8	89.7	90	85.1	91.6	91.4	92.4	95.6	92.6	98.2	90.3	89.9	93.8	-3.9	
Mar	Mar-07	100.3	101.1	101.2	103.4	102	104.8	103.3	103.9	106	110.9	101.6	101.2	105.1	-4	
Apr	Apr-07	104.7	103.1	103.2	100.9	103.8	101.9	102.4	110.3	105.3	112.7	103.7	103.4	106.2	-2.8	
May	May-07	108.3	107	107.1	105.9	107.7	108	111.3	119.9	109.3	117.3	107.9	107.3	113.4	-6.1	
Jun	Jun-07	104.8	103.6	103.7	101.2	104.3	103.7	108.9	117.5	104.6	115.6	104.5	103.8	110.3	-6.5	
Jul	Jul-07	102.7	101.2	101.2	100.2	101.8	103.4	110.9	114.6	105	115.5	102.4	101.5	109.9	-8.3	
Aug	Aug-07	97.2	96.4	96.5	95.6	97	97	102.5	111.8	97.7	107.9	97.4	96.6	103.8	-7.2	
Sep	Sep-07	98.2	97.2	97.1	96	97.7	102.1	104.5	114.7	101.9	108.6	98.4	97.3	107	-9.7	
Oct	Oct-07	97.1	95.8	95.9	94.1	96.3	96.4	102.5	105.1	96.5	107.2	96.6	96	101.5	-5.5	
Nov	Nov-07	104.4	102.5	102.7	99.2	103	105.1	108	108.9	106.6	110.7	103.3	102.8	107.7	-4.8	
Dec	Dec-07	102.7	100.6	100.6	100.1	100.9	102.5	109.3	109.3	103	112.9	101.6	101	107.2	-6.2	
Jan	Jan-06	93.1	95.6	95.9	94.1	94.3	96.2	96.9	92.2	98.4	103.3	95.1	95	96.3	-1.3	
Feb	Feb-06	85.3	85.6	85.9	80.3	84.7	85.4	93.8	90	91.1	95.2	85.8	85.2	90.4	-5.2	
Mar	Mar-06	92.4	93.5	93.7	92	92	93.5	96.1	99.6	95.3	99.2	93.5	93.1	96.7	-3.6	
Apr	Apr-06	102.4	103.9	104.1	101.6	103.8	104.4	105.3	106.7	107.3	109.4	103.8	103.5	106.2	-2.7	
May	May-06	99.6	99.8	99.9	103.3	100.9	105.3	106.2	108.1	106.9	110.3	100.8	100.1	107.1	-7	
Jun	Jun-06	101.6	101.8	102.3	98.2	101.5	102.5	101.8	109.6	103.7	110.4	102.1	101.7	105.5	-3.8	
Jul	Jul-06	107.8	107	107.4	103.6	106.4	108.4	110.5	117.7	110.1	114.3	107.6	107.1	112.5	-5.4	
Aug	Aug-06	102.5	99.4	99.1	98.3	99.8	105.4	109.1	118.9	106.4	115.8	101.1	99.9	111.4	-11.6	
Sep	Sep-06	88.2	84.5	84.8	84.5	86.4	87.8	86.4	103.2	88.7	100.7	86.3	85.5	93.6	-8.1	
Oct	Oct-06	85.6	84.5	84.9	79.1	84.3	84	85.6	96.1	85.1	93.9	85	84.5	89.2	-4.7	
Nov	Nov-06	86.2	84.4	85.6	79	85.5	83.7	88.9	95.6	84.6	93.7	85.4	84.9	89.5	-4.6	
Dec	Dec-06	90.2	88	88.2	81.7	90	90.2	92.6	95.7	91.3	96.9	88.8	88.3	93.2	-4.9	
Jan	Jan-05	78.7	77.6	78.4	77.3	78.8	78.1	83.5	84.9	79	79.7	78.5	78.2	81.5	-3.3	
Feb	Feb-05	79.8	78.2	79.5	74.8	79.6	82	85.8	91.8	83.3	83.6	79.6	78.9	86	-7.1	
Mar	Mar-05	86.7	85.3	85.9	83.2	85.8	85.6	89.1	93.9	88.8	90.9	86.1	85.7	89.8	-4.1	
Apr	Apr-05	88.6	86.7	88.1	84.7	87.1	86.3	94.4	95.8	90.3	94.6	88	87.5	92.3	-4.8	
May	May-05	84.9	83.1	85.3	79.7	85.2	87.1	93.8	92.5	88.7	94.5	84.9	84.2	91.2	-7	
Jun	Jun-05	90.2	87	89.5	83.9	89.2	89.6	92.7	93.5	93.1	91.8	88.9	88.5	92.1	-3.6	
Jul	Jul-05	91.8	89.1	90.6	88	90.4	90.9	96	97.8	97.8	97.9	90.8	90.2	95.7	-5.5	
Aug	Aug-05	98.4	97.5	98	93	99.9	96.6	100.2	105.1	103.1	103.9	98.2	97.8	101.6	-3.8	
Sep	Sep-05	110.2	109.6	110.5	113.4	109.9	120.7	119.4	120.8	124.9	124.7	111.4	110.3	121.5	-11.2	
Oct	Oct-05	97.3	95.8	96.8	97.1	93.9	103.4	102.4	108.6	106.6	110.8	97.4	96.4	106	-9.6	
Nov	Nov-05	86.4	86.8	87.3	80.2	83.8	92.9	86.7	91.4	88.2	96.2	86.7	86.2	91	-4.7	
Dec	Dec-05	88.3	91.1	91	87.9	87.4	92.3	88.9	89.8	93.1	94.4	90.1	90	91.2	-1.2	
